0.00000e+00
2.56410e-01
5.12821e-01
7.69231e-01
1.02564e+00
1.28205e+00
1.53846e+00
1.79487e+00
2.05128e+00
2.30769e+00
2.56410e+00
2.82051e+00
3.07692e+00
3.33333e+00
3.58974e+00
3.84615e+00
4.10256e+00
4.35897e+00
4.61538e+00
4.87179e+00
5.12821e+00
5.38462e+00
5.64103e+00
5.89744e+00
6.15385e+00
6.41026e+00
6.66667e+00
6.92308e+00
7.17949e+00
7.43590e+00
7.69231e+00
7.94872e+00
8.20513e+00
8.46154e+00
8.71795e+00
8.97436e+00
9.23077e+00
9.48718e+00
9.74359e+00
1.00000e+01
-1.88821e+00
2.87124e-01
1.11644e+00
3.41590e+00
1.77420e+00
3.13943e+00
3.32813e+00
1.65016e+00
1.26135e+00
1.20469e+00
-1.36243e+00
-2.72867e+00
-3.65271e+00
-4.37347e+00
-3.21840e+00
-4.10764e+00
-1.61451e+00
-2.34303e+00
-1.32972e+00
5.00400e-01
1.97271e+00
2.08725e+00
3.56312e+00
3.96269e+00
2.43209e+00
3.38160e+00
5.27422e-01
2.99342e+00
-2.47131e-02
-3.14944e+00
-2.63813e+00
-2.33850e+00
-3.95744e+00
-5.62380e+00
-2.71865e+00
-1.01942e+00
-2.49629e+00
-3.08936e-01
1.00273e+00
1.64395e+00
